Name; Color; HTML(HEX) Code; Red (RGB) (0 - 255); Green (RGB) (0 - 255); Blue (RGB) (0 - 255); Hue (HSL) (0 - 360); Sat (HSL) (0 - 100); Lum (HSL) (0 - 10)
Yellow; #FFFF00; 255; 255; 0; 60; 100; 50
White; #FFFFFF; 255; 255; 255; any; any; 100
Viridian; #40826D; 64; 130; 109; 161; 51; 38
Violet; #7F00FF; 127; 0; 255; 270; 100; 50
Ultramarine; #3F00FF; 63; 0; 255; 255; 100; 50
Turquoise; #40E0D0; 64; 224; 208; 174; 71; 56
Teal; #008080; 0; 128; 128; 180; 100; 25
Taupe; #483C32; 72; 60; 50; 27; 31; 24
Tan; #D2B48C; 210; 180; 140; 34; 33; 69
Spring green; #00FF7F; 0; 255; 127; 150; 100; 50
Spring bud; #A7FC00; 167; 252; 0; 80; 100; 49
Slate gray; #708090; 112; 128; 144; 210; 22; 50
Silver; #C0C0C0; 192; 192; 192; any; 0; 75
Scarlet; #FF2400; 255; 36; 0; 8; 100; 50
Sapphire; #0F52BA; 15; 82; 186; 216; 92; 39
Sangria; #92000A; 146; 0; 10; 356; 100; 29
Salmon; #FA8072; 250; 128; 114; 6; 54; 98
Ruby; #E0115F; 224; 17; 95; 337; 92; 47
Rose; #FF007F; 255; 0; 127; 330; 100; 50
Red-violet; #C71585; 199; 21; 133; 322; 89; 43
Red; #FF0000; 255; 0; 0; 0; 100; 50
Raspberry; #E30B5C; 227; 11; 92; 338; 95; 47
Purple; #800080; 128; 0; 128; 300; 100; 25
Puce; #CC8899; 204; 136; 153; 345; 33; 67
Prussian blue; #003153; 0; 49; 83; 205; 100; 16
Plum; #8E4585; 142; 69; 133; 307; 51; 41
Pink; #FD6C9E; 253; 108; 158; 339; 57; 71
Persian blue; #1C39BB; 28; 57; 187; 229; 85; 42
Periwinkle; #CCCCFF; 204; 204; 255; 240; 20; 90
Pear; #D1E231; 209; 226; 49; 66; 78; 54
Peach; #FFE5B4; 255; 229; 180; 39; 29; 85
Orchid; #DA70D6; 218; 112; 214; 302; 49; 65
Orange-red; #FF4500; 255; 69; 0; 16; 100; 50
Orange; #FF6600; 255; 102; 0; 24; 100; 50
Olive; #808000; 128; 128; 0; 60; 100; 25
Ochre; #CC7722; 204; 119; 34; 30; 83; 80
Navy blue; #000080; 0; 0; 128; 240; 100; 25
Mauve; #E0B0FF; 224; 176; 255; 276; 31; 85
Maroon; #800000; 128; 0; 0; 0; 100; 25
Magenta rose; #FF00AF; 255; 0; 175; 319; 100; 50
Magenta; #FF00FF; 255; 0; 255; 300; 100; 50
Lime; #BFFF00; 191; 255; 0; 75; 100; 50
Lilac; #C8A2C8; 200; 162; 200; 300; 19; 71
Lemon; #FFF700; 255; 247; 0; 58; 100; 50
Lavender; #B57EDC; 181; 126; 220; 275; 43; 68
Jungle green; #29AB87; 41; 171; 135; 163; 76; 42
Jade; #00A86B; 0; 168; 107; 158; 100; 33
Ivory; #FFFFF0; 255; 255; 240; 60; 6; 97
Indigo; #4B0082; 75; 0; 130; 275; 100; 25
Harlequin; #3FFF00; 63; 255; 0; 105; 100; 50
Green; #008000; 0; 128; 0; 120; 100; 25
Gray; #808080; 128; 128; 128; any; 0; 50
Gold; #FFD700; 255; 215; 0; 51; 100; 50
Erin; #00FF3F; 0; 255; 63; 135; 100; 50
Emerald; #50C878; 80; 200; 120; 140; 60; 55
Electric blue; #7DF9FF; 125; 249; 255; 183; 51; 75
Desert sand; #EDC9Af; 237; 201; 175; 25; 26; 81
Cyan; #00FFFF; 0; 255; 255; 180; 100; 50
Crimson; #DC143C; 220; 20; 60; 348; 91; 47
Coral; #FF7F50; 255; 127; 80; 16; 69; 66
Copper; #B87333; 184; 115; 51; 29; 72; 46
Coffee; #6F4E37; 111; 78; 55; 25; 50; 33
Cobalt blue; #0047AB; 0; 71; 171; 215; 100; 34
Chocolate; #7B3F00; 123; 63; 0; 31; 100; 24
Chartreuse green; #7FFF00; 127; 255; 0; 90; 100; 50
Champagne; #F7E7CE; 247; 231; 206; 37; 17; 89
Cerulean; #007BA7; 0; 123; 167; 196; 100; 33
Cerise; #DE3163; 222; 49; 99; 343; 78; 53
Carmine; #960018; 150; 0; 24; 350; 100; 29
Byzantium; #702963; 112; 41; 99; 311; 63; 30
Burgundy; #800020; 128; 0; 32; 345; 100; 25
Brown; #964B00; 150; 75; 0; 30; 100; 29
Bronze; #CD7F32; 205; 127; 50; 30; 76; 50
Brick Red; #CB4154; 203; 65; 84; 352; 57; 53
Blush; #DE5D83; 222; 93; 131; 342; 58; 62
Blue-violet; #8A2BE2; 138; 43; 226; 271; 81; 53
Blue-green; #0095B6; 0; 149; 182; 191; 100; 36
Blue; #0000FF; 0; 0; 255; 240; 100; 50
Black; #000000; 0; 0; 0; any; any; 0
Beige; #F5F5DC; 245; 245; 220; 60; 10; 91
Baby blue; #89CFF0; 137; 207; 240; 199; 43; 74
Azure; #007FFF; 0; 127; 255; 210; 100; 50
Amber; #FFBF00; 255; 191; 0; 45; 100; 50
Amaranth; #E52B50; 229; 43; 80; 348; 81; 53
